50
1
0.8
0.6
2
0.94 0.78
0.33 0.11
5
0.64 0.45 0.52 0.05 0.86
0.21 0.33 0.29 0.26 0.12
10
0.53 0.13 0.69 0.05 0.79 0.57 0.21 0.84 0.66 0.81
0.82 0.61 0.65 0.44 0.33 0.58 0.56 0.39 0.47 0.12
8
0.69 0.51 0.95 0.82 0.39 0.92 0.61 0.62
0.13 0.29 0.07 0.26 0.34 0.33 0.36 0.09
6
0.38 0.72 0.51 0.77 0.54 0.69
0.59 0.79 0.90 0.64 0.05 0.97
10
0.76 0.52 0.12 0.20 0.08 0.88 0.96 0.28 0.36 0.60
0.44 0.80 0.68 0.16 0.32 0.56 0.48 0.84 0.40 0.64
10
0.713 0.683 0.594 0.901 0.970 0.693 0.822 0.772 0.851 0.861
0.406 0.366 0.218 0.228 0.564 0.069 0.495 0.238 0.327 0.297
10
0.91 0.45 0.92 0.86 0.28 0.63 0.15 0.12 0.80 0.77
0.09 0.62 0.05 0.29 0.66 0.83 0.60 0.74 0.34 0.48
1
0.2
0.5
10
0.791 0.626 0.930 0.652 0.313 0.739 0.696 0.278 0.539 0.722
0.165 0.513 0.252 0.226 0.209 0.557 0.704 0.887 0.461 0.043
9
0.51 0.96 0.44 0.43 0.48 0.60 0.56 0.75 0.64
0.18 0.32 0.36 0.05 0.11 0.21 0.23 0.16 0.26
3
0.12 0.06 0.15
0.91 0.48 0.27
10
0.44 0.35 0.02 0.47 0.07 0.32 0.40 0.33 0.04 0.39
0.91 0.58 0.61 0.89 0.63 0.70 0.49 0.60 0.84 0.67
8
0.85 0.04 0.54 0.50 0.96 0.81 0.77 0.31
0.27 0.69 0.23 0.46 0.15 0.19 0.65 0.73
9
0.22 0.28 0.14 0.76 0.93 0.52 0.57 0.49 0.64
0.42 0.72 0.38 0.56 0.44 0.40 0.31 0.77 0.43
3
0.47 0.29 0.35
0.71 0.82 0.85
10
0.699 0.319 0.080 0.230 0.858 0.841 0.566 0.575 0.292 0.513
0.186 0.212 0.991 0.938 0.894 0.053 0.150 0.469 0.504 0.496
10
0.64 0.06 0.21 0.48 0.97 0.36 0.85 0.94 0.39 0.30
0.03 0.70 0.18 0.67 0.12 0.52 0.61 0.91 0.09 0.42
6
0.96 0.84 0.33 0.06 0.43 0.35
0.59 0.14 0.31 0.53 0.49 0.18
10
0.05 0.55 0.91 0.59 0.77 0.68 0.41 0.23 0.32 0.45
0.14 0.82 0.09 0.64 0.95 0.50 0.27 0.86 0.36 0.73
10
0.72 0.16 0.30 0.15 0.87 0.67 0.42 0.91 0.49 0.33
0.45 0.37 0.66 0.81 0.39 0.60 0.10 0.99 0.12 0.22
10
0.62 0.86 0.33 0.52 0.14 0.29 0.38 0.57 0.19 0.95
0.05 0.24 0.76 0.10 0.81 0.71 0.43 0.48 0.90 0.67
6
0.77 0.85 0.69 0.38 0.46 0.31
0.15 0.54 0.23 0.62 0.08 0.92
10
0.07 0.69 0.58 0.18 0.09 0.76 0.91 0.87 0.11 0.99
0.35 0.49 0.19 0.25 0.60 0.10 0.47 0.24 0.37 0.31
8
0.48 0.86 0.52 0.71 0.57 0.90 0.62 0.81
0.43 0.05 0.10 0.19 0.29 0.24 0.14 0.33
2
0.35 0.30
0.60 0.15
10
0.75 0.86 0.84 0.89 0.76 0.64 0.85 0.69 0.80 0.61
0.60 0.41 0.36 0.55 0.39 0.18 0.03 0.33 0.28 0.30
6
0.04 0.96 0.16 0.41 0.37 0.43
0.59 0.35 0.14 0.84 0.57 0.51
2
0.75 0.25
0.50 0.94
10
0.83 0.70 0.65 0.56 0.71 0.86 0.87 0.62 0.57 0.69
0.49 0.27 0.36 0.03 0.21 0.51 0.29 0.04 0.26 0.06
10
0.65 0.53 0.47 0.31 0.07 0.86 0.38 0.48 0.22 0.58
0.60 0.36 0.15 0.99 0.88 0.51 0.02 0.23 0.98 0.93
10
0.70 0.65 0.30 0.42 0.40 0.88 0.35 0.56 0.21 0.44
0.81 0.05 0.98 0.26 0.19 0.93 0.74 0.07 0.12 0.33
10
0.36 0.09 0.14 0.82 0.18 0.23 0.77 0.86 0.50 0.73
0.59 0.45 0.64 0.32 0.27 0.41 0.95 0.55 0.68 0.91
3
0.53 0.32 0.84
0.95 0.79 0.37
5
0.73 0.88 0.55 0.33 0.05
0.40 0.80 0.30 0.60 0.58
5
0.06 0.56 0.11 0.67 0.61
0.39 0.94 0.22 0.83 0.78
10
0.84 0.42 0.49 0.65 0.91 0.70 0.58 0.74 0.44 0.56
0.19 0.12 0.09 0.40 0.37 0.05 0.02 0.07 0.35 0.26
5
0.44 0.91 0.74 0.07 0.54
0.40 0.16 0.61 0.37 0.75
10
0.95 0.82 0.59 0.74 0.36 0.23 0.72 0.10 0.13 0.92
0.56 0.85 0.41 0.79 0.97 0.62 0.87 0.90 0.46 0.49
6
0.50 0.89 0.64 0.86 0.97 0.17
0.08 0.47 0.28 0.94 0.19 0.42
10
0.61 0.55 0.32 0.65 0.23 0.74 0.29 0.58 0.77 0.81
0.87 0.16 0.13 0.35 0.48 0.94 0.06 0.10 0.90 0.42
1
0.4
0.9
10
0.19 0.74 0.72 0.47 0.77 0.40 0.26 0.84 0.93 0.42
0.02 0.67 0.79 0.09 0.91 0.49 0.65 0.23 0.44 0.05
10
0.43 0.96 0.73 0.44 0.61 0.56 0.99 0.91 0.69 0.42
0.39 0.21 0.16 0.22 0.26 0.25 0.13 0.40 0.29 0.23
7
0.11 0.54 0.70 0.84 0.82 0.04 0.18
0.35 0.51 0.61 0.60 0.28 0.63 0.25
10
0.89 0.63 0.25 0.16 0.46 0.18 0.80 0.71 0.45 0.30
0.77 0.98 0.12 0.07 0.09 0.20 0.50 0.05 0.34 0.57
10
0.936 0.264 0.127 0.873 0.845 0.945 0.691 0.055 0.518 0.345
0.355 0.955 0.827 0.109 0.755 0.118 0.027 0.209 0.245 0.745
3
0.8 0.4 0.6
0.5 0.1 0.9
10
0.18 0.58 0.74 0.05 0.13 0.61 0.66 0.26 0.37 0.16
0.92 0.39 0.87 0.89 0.24 0.11 0.76 0.63 0.03 0.97
